    -37.000000       0.68469803E-02
    -36.717499       0.69166709E-02
    -36.435001       0.69874389E-02
    -36.152500       0.70593046E-02
    -35.869999       0.71322884E-02
    -35.587502       0.72064217E-02
    -35.305000       0.72817158E-02
    -35.022499       0.73582054E-02
    -34.740002       0.74359093E-02
    -34.457500       0.75148578E-02
    -34.174999       0.75950767E-02
    -33.892502       0.76765931E-02
    -33.610001       0.77594384E-02
    -33.327499       0.78436349E-02
    -33.044998       0.79292179E-02
    -32.762501       0.80162136E-02
    -32.480000       0.81046604E-02
    -32.197502       0.81945824E-02
    -31.915001       0.82860241E-02
    -31.632500       0.83790043E-02
    -31.350000       0.84735748E-02
    -31.067501       0.85697648E-02
    -30.785000       0.86676048E-02
    -30.502501       0.87671432E-02
    -30.220001       0.88684162E-02
    -29.937500       0.89714630E-02
    -29.655001       0.90763270E-02
    -29.372499       0.91830505E-02
    -29.090000       0.92916770E-02
    -28.807499       0.94022610E-02
    -28.525000       0.95148412E-02
    -28.242500       0.96294588E-02
    -27.959999       0.97461875E-02
    -27.677500       0.98650598E-02
    -27.395000       0.99861322E-02
    -27.112499       0.10109458E-01
    -26.830000       0.10235102E-01
    -26.547501       0.10363123E-01
    -26.264999       0.10493571E-01
    -25.982500       0.10626518E-01
    -25.700001       0.10762023E-01
    -25.417500       0.10900155E-01
    -25.135000       0.11040982E-01
    -24.852501       0.11184579E-01
    -24.570000       0.11331014E-01
    -24.287500       0.11480370E-01
    -24.005001       0.11632710E-01
    -23.722500       0.11788137E-01
    -23.440001       0.11946717E-01
    -23.157501       0.12108544E-01
    -22.875000       0.12273720E-01
    -22.592499       0.12442316E-01
    -22.310001       0.12614435E-01
    -22.027500       0.12790188E-01
    -21.744999       0.12969670E-01
    -21.462500       0.13152983E-01
    -21.180000       0.13340250E-01
    -20.897501       0.13531580E-01
    -20.615000       0.13727090E-01
    -20.332500       0.13926903E-01
    -20.049999       0.14131161E-01
    -19.767500       0.14339990E-01
    -19.485001       0.14553513E-01
    -19.202499       0.14771890E-01
    -18.920000       0.14995273E-01
    -18.637501       0.15223825E-01
    -18.355000       0.15457665E-01
    -18.072500       0.15697011E-01
    -17.790001       0.15942009E-01
    -17.507500       0.16192856E-01
    -17.225000       0.16449729E-01
    -16.942499       0.16712833E-01
    -16.660000       0.16982377E-01
    -16.377501       0.17258561E-01
    -16.094999       0.17541608E-01
    -15.812500       0.17831771E-01
    -15.530001       0.18129282E-01
    -15.247499       0.18434389E-01
    -14.965000       0.18747340E-01
    -14.682501       0.19068447E-01
    -14.400000       0.19397977E-01
    -14.117500       0.19736252E-01
    -13.835001       0.20083549E-01
    -13.552500       0.20440227E-01
    -13.270000       0.20806623E-01
    -12.987499       0.21183097E-01
    -12.705000       0.21570033E-01
    -12.422501       0.21967821E-01
    -12.139999       0.22376877E-01
    -11.857500       0.22797647E-01
    -11.575001       0.23230563E-01
    -11.292500       0.23676145E-01
    -11.010000       0.24134860E-01
    -10.727501       0.24607259E-01
    -10.445000       0.25093906E-01
    -10.162500       0.25595396E-01
    -9.8800011       0.26112299E-01
    -9.5974998       0.26645334E-01
    -9.3150005       0.27195120E-01
    -9.0324993       0.27762461E-01
    -8.7500000       0.28348044E-01
    -8.4675007       0.28952715E-01
    -8.1849995       0.29577370E-01
    -7.9025002       0.30222819E-01
    -7.6200008       0.30890094E-01
    -7.3374996       0.31580200E-01
    -7.0550003       0.32294187E-01
    -6.7725010       0.33033206E-01
    -6.4899998       0.33798474E-01
    -6.2075005       0.34591267E-01
    -5.9249992       0.35412958E-01
    -5.6424999       0.36265005E-01
    -5.3600006       0.37148951E-01
    -5.0774994       0.38066485E-01
    -4.7950020       0.39019304E-01
    -4.5125008       0.40009368E-01
    -4.2299995       0.41038620E-01
    -3.9474983       0.42109316E-01
    -3.6650009       0.43223689E-01
    -3.3824997       0.44384209E-01
    -3.0999985       0.45593612E-01
    -2.8175011       0.46854720E-01
    -2.5349998       0.48170648E-01
    -2.2524986       0.49544767E-01
    -1.9700012       0.50980574E-01
    -1.6875000       0.52482011E-01
    -1.4049988       0.54053265E-01
    -1.1225014       0.55698914E-01
   -0.84000015       0.57423920E-01
   -0.55749893       0.59233706E-01
   -0.27500153       0.61134044E-01
    0.74996948E-02   0.63131495E-01
    0.29000092       0.65233002E-01
    0.57249832       0.67446230E-01
    0.85499954       0.69779690E-01
     1.1375008       0.72242665E-01
     1.4199982       0.74845347E-01
     1.7024994       0.77599252E-01
     1.9850006       0.80516846E-01
     2.2674980       0.83612191E-01
     2.5499992       0.86900807E-01
     2.8325005       0.90400251E-01
     3.1150017       0.94130174E-01
     3.3974991       0.98112482E-01
     3.6800003       0.10237239    
     3.9625015       0.10693808    
     4.2449989       0.11184181    
     4.5275002       0.11712094    
     4.8100014       0.12281780    
     5.0924988       0.12898190    
     5.3750000       0.13567081    
     5.6575012       0.14295196    
     5.9399986       0.15090501    
     6.2224998       0.15962493    
     6.5050011       0.16922585    
     6.7874985       0.17984596    
     7.0699997       0.19165539    
     7.3525009       0.20486531    
     7.6349983       0.21974133    
     7.9174995       0.23662559    
     8.2000008       0.25596262    
     8.4824982       0.27834582    
     8.7649994       0.30458506    
     9.0475006       0.33581030    
     9.3299980       0.37362723    
     9.6124992       0.42029699    
     9.8950005       0.47860250    
     10.177502       0.54951309    
     10.459999       0.62354831    
     10.742500       0.68109334    
     11.025002       0.71750528    
     11.307499       0.73991926    
     11.590000       0.75418532    
     11.872501       0.76354771    
     12.154999       0.76977652    
     12.437500       0.77388830    
     12.720001       0.77650007    
     13.002499       0.77800795    
     13.285000       0.77867507    
     13.567501       0.77868418    
     13.849998       0.77816471    
     14.132500       0.77721140    
     14.415001       0.77589431    
     14.697498       0.77426690    
     14.980000       0.77236966    
     15.262501       0.77023363    
     15.544998       0.76788367    
     15.827499       0.76533833    
     16.110001       0.76261225    
     16.392498       0.75971708    
     16.674999       0.75666082    
     16.957500       0.75345028    
     17.239998       0.75008962    
     17.522499       0.74658180    
     17.805000       0.74292798    
     18.087502       0.73912851    
     18.369999       0.73518200    
     18.652500       0.73108650    
     18.935001       0.72683888    
     19.217499       0.72243543    
     19.500000       0.71787023    
     19.782501       0.71313829    
     20.064999       0.70823220    
     20.347500       0.70314370    
     20.630001       0.69786400    
     20.912498       0.69238292    
     21.195000       0.68668861    
     21.477501       0.68076872    
     21.759998       0.67460909    
     22.042500       0.66819344    
     22.325001       0.66150447    
     22.607498       0.65452334    
     22.889999       0.64722758    
     23.172501       0.63959370    
     23.454998       0.63159596    
     23.737499       0.62320400    
     24.020000       0.61438695    
     24.302498       0.60510827    
     24.584999       0.59532951    
     24.867500       0.58500844    
     25.150002       0.57409897    
     25.432499       0.56255208    
     25.715000       0.55031568    
     25.997501       0.53733757    
     26.279999       0.52356614    
     26.562500       0.50895285    
     26.845001       0.49346046    
     27.127502       0.47706643    
     27.409996       0.45977537    
     27.692497       0.44162595    
     27.974998       0.42270445    
     28.257500       0.40315295    
     28.540001       0.38316949    
     28.822502       0.36300125    
     29.105003       0.34292530    
     29.387497       0.32322256    
     29.669998       0.30414576    
     29.952499       0.28590143    
     30.235001       0.26863554    
     30.517502       0.25243379    
     30.800003       0.23732823    
     31.082497       0.22331040    
     31.364998       0.21034180    
     31.647499       0.19836608    
     31.930000       0.18731676    
     32.212502       0.17712355    
     32.495003       0.16771573    
     32.777496       0.15902595    
     33.059998       0.15099004    
     33.342499       0.14354902    
     33.625000       0.13664946    
     33.907501       0.13024208    
     34.190002       0.12428270    
     34.472496       0.11873143    
     34.754997       0.11355211    
     35.037498       0.10871269    
     35.320000       0.10418411    
     35.602501       0.99940218E-01
     35.885002       0.95957536E-01
     36.167503       0.92214861E-01
     36.449997       0.88693265E-01
     36.732498       0.85375201E-01
     37.014999       0.82245164E-01
     37.297501       0.79289004E-01
     37.580002       0.76493895E-01
     37.862503       0.73848069E-01
     38.144997       0.71341122E-01
     38.427498       0.68963052E-01
     38.709999       0.66705152E-01
     38.992500       0.64559300E-01
     39.275002       0.62518039E-01
     39.557503       0.60574530E-01
     39.839996       0.58722647E-01
     40.122498       0.56956415E-01
     40.404999       0.55270647E-01
     40.687500       0.53660411E-01
     40.970001       0.52121214E-01
     41.252502       0.50648814E-01
     41.534996       0.49239384E-01
     41.817497       0.47889243E-01
     42.099998       0.46595115E-01
     42.382500       0.45353868E-01
     42.665001       0.44162558E-01
     42.947502       0.43018556E-01
     43.230003       0.41919342E-01
     43.512497       0.40862583E-01
     43.794998       0.39846064E-01
     44.077499       0.38867697E-01
     44.360001       0.37925592E-01
     44.642502       0.37018009E-01
     44.925003       0.36143175E-01
     45.207497       0.35299540E-01
     45.489998       0.34485591E-01
     45.772499       0.33699976E-01
     46.055000       0.32941327E-01
     46.337502       0.32208444E-01
     46.620003       0.31500131E-01
     46.902496       0.30815315E-01
     47.184998       0.30152930E-01
     47.467499       0.29511985E-01
     47.750000       0.28891572E-01
     48.032501       0.28290823E-01
     48.315002       0.27708853E-01
     48.597496       0.27144963E-01
     48.879997       0.26598332E-01
     49.162498       0.26068247E-01
     49.445000       0.25554079E-01
     49.727501       0.25055179E-01
     50.010002       0.24570929E-01
     50.292503       0.24100772E-01
     50.574997       0.23644159E-01
     50.857498       0.23200546E-01
     51.139999       0.22769441E-01
     51.422501       0.22350406E-01
     51.705002       0.21942960E-01
     51.987503       0.21546677E-01
     52.269997       0.21161174E-01
     52.552498       0.20786028E-01
     52.834999       0.20420878E-01
     53.117500       0.20065364E-01
     53.400002       0.19719169E-01
     53.682503       0.19381946E-01
     53.964996       0.19053384E-01
     54.247498       0.18733202E-01
     54.529999       0.18421097E-01
     54.812500       0.18116788E-01
     55.095001       0.17820050E-01
     55.377502       0.17530608E-01
     55.659996       0.17248229E-01
     55.942497       0.16972680E-01
     56.224998       0.16703736E-01
     56.507500       0.16441203E-01
     56.790001       0.16184863E-01
     57.072502       0.15934526E-01
     57.355003       0.15689984E-01
     57.637497       0.15451102E-01
     57.919998       0.15217667E-01
     58.202499       0.14989531E-01
     58.485001       0.14766519E-01
     58.767502       0.14548496E-01
     59.050003       0.14335293E-01
     59.332497       0.14126800E-01
     59.614998       0.13922842E-01
     59.897499       0.13723314E-01
     60.180000       0.13528069E-01
     60.462502       0.13336989E-01
     60.745003       0.13149964E-01
     61.027496       0.12966879E-01
     61.309998       0.12787608E-01
     61.592499       0.12612065E-01
     61.875000       0.12440129E-01
     62.157501       0.12271710E-01
     62.440002       0.12106714E-01
     62.722496       0.11945050E-01
     63.004997       0.11786622E-01
     63.287498       0.11631335E-01
     63.570000       0.11479125E-01
     63.852501       0.11329900E-01
     64.135002       0.11183589E-01
     64.417503       0.11040107E-01
     64.699997       0.10899384E-01
     64.982498       0.10761357E-01
     65.264999       0.10625948E-01
     65.547501       0.10493091E-01
     65.830002       0.10362731E-01
     66.112503       0.10234793E-01
     66.394997       0.10109230E-01
     66.677498       0.99859637E-02
     66.959999       0.98649611E-02
     67.242500       0.97461577E-02
     67.525002       0.96294934E-02
     67.807503       0.95149313E-02
     68.089996       0.94024107E-02
     68.372498       0.92918796E-02
     68.654999       0.91832959E-02
     68.937500       0.90766189E-02
     69.220001       0.89717918E-02
     69.502502       0.88687858E-02
     69.784996       0.87675467E-02
     70.067497       0.86680532E-02
     70.349998       0.85702456E-02
     70.632500       0.84740832E-02
     70.915001       0.83795498E-02
     71.197502       0.82865893E-02
     71.479996       0.81951763E-02
     71.762497       0.81052742E-02
     72.044998       0.80168509E-02
     72.327499       0.79298689E-02
     72.610001       0.78443106E-02
     72.892502       0.77601280E-02
     73.175003       0.76773012E-02
     73.457497       0.75958001E-02
     73.739998       0.75155973E-02
     74.022499       0.74366576E-02
     74.305000       0.73589624E-02
     74.587502       0.72824867E-02
     74.870003       0.72072019E-02
     75.152496       0.71330835E-02
     75.434998       0.70601038E-02
     75.717499       0.69882441E-02
     76.000000       0.69174798E-02
