-3.093972093706445321e+03 8.924508056545958070e-05
-3.052719132457026262e+03 1.106619533419104498e-04
-3.011466171207606749e+03 1.368228076292068236e-04
-2.970213209958187690e+03 1.686804629526384282e-04
-2.928960248708768177e+03 2.073562789621894061e-04
-2.887707287459349118e+03 2.541649836200560934e-04
-2.846454326209930059e+03 3.106421363934031075e-04
-2.805201364960510546e+03 3.785743029731886491e-04
-2.763948403711091487e+03 4.600319748250297942e-04
-2.722695442461671973e+03 5.574052130790873270e-04
-2.681442481212252460e+03 6.734419310596704341e-04
-2.640189519962833401e+03 8.112886524991839857e-04
-2.598936558713414342e+03 9.745334927746865904e-04
-2.557683597463994829e+03 1.167251008257654769e-03
-2.516430636214575316e+03 1.394048444364821794e-03
-2.475177674965156257e+03 1.660112786873745245e-03
-2.433924713715737198e+03 1.971257884767828143e-03
-2.392671752466317685e+03 2.333970768122800923e-03
-2.351418791216898626e+03 2.755456133786442306e-03
-2.310165829967479112e+03 3.243677817944606943e-03
-2.268912868718060054e+03 3.807395921900893609e-03
-2.227659907468640995e+03 4.456198109998017395e-03
-2.186406946219221481e+03 5.200523461700604262e-03
-2.145153984969801513e+03 6.051677139163741392e-03
-2.103901023720382909e+03 7.021834033354754090e-03
-2.062648062470963851e+03 8.124029482584468539e-03
-2.021395101221544564e+03 9.372135123963818565e-03
-1.980142139972124824e+03 1.078081794768243930e-02
-1.938889178722705537e+03 1.236548068274894926e-02
-1.897636217473286479e+03 1.414218175711490569e-02
-1.856383256223867193e+03 1.612753325035020183e-02
-1.815130294974448134e+03 1.833857549762284156e-02
-1.773877333725028620e+03 2.079262731267613254e-02
-1.732624372475608880e+03 2.350711117614430121e-02
-1.691371411226190048e+03 2.649935318331041179e-02
-1.650118449976770989e+03 2.978635805948862819e-02
-1.608865488727351476e+03 3.338456012638830323e-02
-1.567612527477932417e+03 3.730955173131623309e-02
-1.526359566228512904e+03 4.157579132246561754e-02
-1.485106604979093618e+03 4.619629405477410078e-02
-1.443853643729674559e+03 5.118230852632983663e-02
-1.402600682480255045e+03 5.654298395716889081e-02
-1.361347721230835987e+03 6.228503281066349179e-02
-1.320094759981416701e+03 6.841239450111766263e-02
-1.278841798731997187e+03 7.492590640720829531e-02
-1.237588837482578128e+03 8.182298889672259823e-02
-1.196335876233158615e+03 8.909735144114956651e-02
-1.155082914983739556e+03 9.673872713772296850e-02
-1.113829953734320043e+03 1.047326430420679744e-01
-1.072576992484900757e+03 1.130602336300043642e-01
-1.031324031235481925e+03 1.216981044392533989e-01
-9.900710699860622981e+02 1.306182524820206914e-01
-9.488181087366432394e+02 1.397880493639603317e-01
-9.075651474872237259e+02 1.491702921956609418e-01
-8.663121862378044398e+02 1.587233263472560829e-01
-8.250592249883854947e+02 1.684012428889406776e-01
-7.838062637389659812e+02 1.781541522000592848e-01
-7.425533024895468088e+02 1.879285337429822123e-01
-7.013003412401272954e+02 1.976676604166192064e-01
-6.600473799907082366e+02 2.073120942643797981e-01
-6.187944187412890642e+02 2.168002486528778916e-01
-5.775414574918696644e+02 2.260690104037303139e-01
-5.362884962424503783e+02 2.350544137961203817e-01
-4.950355349930309785e+02 2.436923569073345397e-01
-4.537825737436118629e+02 2.519193494660143529e-01
-4.125296124941927474e+02 2.596732802995512235e-01
-3.712766512447732339e+02 2.668941915999247794e-01
-3.300236899953541183e+02 2.735250466429691718e-01
-2.887707287459346617e+02 2.795124772994607709e-01
-2.475177674965154893e+02 2.848074976897835286e-01
-2.062648062470963737e+02 2.893661706659531041e-01
-1.650118449976768886e+02 2.931502144551320077e-01
-1.237588837482577446e+02 2.961275377578568291e-01
-8.250592249883824536e+01 2.982726928432498648e-01
-4.125296124941912268e+01 2.995672376949701232e-01
0.000000000000000000e+00 2.999999999999999889e-01
4.125296124941949216e+01 2.995672376949701232e-01
8.250592249883861484e+01 2.982726928432498092e-01
1.237588837482581141e+02 2.961275377578568291e-01
1.650118449976772297e+02 2.931502144551320077e-01
2.062648062470963737e+02 2.893661706659531041e-01
2.475177674965154893e+02 2.848074976897835286e-01
2.887707287459353438e+02 2.795124772994606599e-01
3.300236899953544594e+02 2.735250466429691163e-01
3.712766512447736318e+02 2.668941915999247239e-01
4.125296124941927474e+02 2.596732802995512235e-01
4.537825737436118629e+02 2.519193494660143529e-01
4.950355349930316606e+02 2.436923569073344009e-01
5.362884962424508331e+02 2.350544137961202706e-01
5.775414574918700055e+02 2.260690104037302306e-01
6.187944187412890642e+02 2.168002486528778916e-01
6.600473799907082366e+02 2.073120942643797981e-01
7.013003412401280912e+02 1.976676604166190399e-01
7.425533024895472636e+02 1.879285337429821012e-01
7.838062637389663223e+02 1.781541522000591737e-01
8.250592249883854947e+02 1.684012428889406776e-01
8.663121862378053493e+02 1.587233263472558609e-01
9.075651474872244080e+02 1.491702921956607752e-01
9.488181087366435804e+02 1.397880493639602484e-01
9.900710699860626391e+02 1.306182524820206081e-01
1.031324031235481925e+03 1.216981044392533989e-01
1.072576992484901666e+03 1.130602336300041699e-01
1.113829953734320725e+03 1.047326430420678495e-01
1.155082914983740011e+03 9.673872713772292686e-02
1.196335876233159070e+03 8.909735144114952488e-02
1.237588837482578128e+03 8.182298889672259823e-02
1.278841798731998097e+03 7.492590640720814266e-02
1.320094759981417155e+03 6.841239450111757936e-02
1.361347721230836441e+03 6.228503281066343628e-02
1.402600682480255273e+03 5.654298395716884917e-02
1.443853643729674559e+03 5.118230852632983663e-02
1.485106604979094527e+03 4.619629405477400363e-02
1.526359566228513586e+03 4.157579132246556203e-02
1.567612527477932645e+03 3.730955173131619840e-02
1.608865488727351703e+03 3.338456012638827547e-02
1.650118449976770989e+03 2.978635805948862819e-02
1.691371411226190730e+03 2.649935318331035281e-02
1.732624372475610016e+03 2.350711117614421794e-02
1.773877333725029075e+03 2.079262731267611172e-02
1.815130294974448134e+03 1.833857549762284156e-02
1.856383256223867193e+03 1.612753325035020183e-02
1.897636217473287161e+03 1.414218175711488140e-02
1.938889178722706220e+03 1.236548068274892324e-02
1.980142139972125278e+03 1.078081794768242369e-02
2.021395101221544564e+03 9.372135123963818565e-03
2.062648062470963851e+03 8.124029482584468539e-03
2.103901023720383364e+03 7.021834033354735008e-03
2.145153984969802877e+03 6.051677139163719708e-03
2.186406946219221936e+03 5.200523461700599925e-03
2.227659907468640995e+03 4.456198109998017395e-03
2.268912868718060054e+03 3.807395921900893609e-03
2.310165829967480022e+03 3.243677817944598703e-03
2.351418791216899081e+03 2.755456133786439703e-03
2.392671752466318139e+03 2.333970768122798755e-03
2.433924713715737198e+03 1.971257884767828143e-03
2.475177674965156257e+03 1.660112786873745245e-03
2.516430636214576225e+03 1.394048444364816806e-03
2.557683597463995284e+03 1.167251008257652600e-03
2.598936558713414342e+03 9.745334927746849641e-04
2.640189519962833401e+03 8.112886524991839857e-04
2.681442481212252460e+03 6.734419310596704341e-04
2.722695442461672883e+03 5.574052130790853755e-04
2.763948403711091942e+03 4.600319748250294148e-04
2.805201364960510546e+03 3.785743029731883239e-04
2.846454326209930059e+03 3.106421363934031075e-04
2.887707287459349118e+03 2.541649836200560934e-04
2.928960248708769086e+03 2.073562789621886742e-04
2.970213209958187690e+03 1.686804629526381029e-04
3.011466171207607204e+03 1.368228076292065797e-04
3.052719132457026262e+03 1.106619533419104498e-04
3.093972093706445321e+03 8.924508056545958070e-05
