    -37.000000       0.49825967E-03
    -36.717499       0.50326895E-03
    -36.435001       0.50834988E-03
    -36.152500       0.51351431E-03
    -35.869999       0.51875210E-03
    -35.587502       0.52407741E-03
    -35.305000       0.52947645E-03
    -35.022499       0.53496816E-03
    -34.740002       0.54053490E-03
    -34.457500       0.54620056E-03
    -34.174999       0.55195243E-03
    -33.892502       0.55779251E-03
    -33.610001       0.56372514E-03
    -33.327499       0.56975607E-03
    -33.044998       0.57587845E-03
    -32.762501       0.58210902E-03
    -32.480000       0.58843811E-03
    -32.197502       0.59486809E-03
    -31.915001       0.60140533E-03
    -31.632500       0.60805020E-03
    -31.350000       0.61480419E-03
    -31.067501       0.62167526E-03
    -30.785000       0.62866013E-03
    -30.502501       0.63576385E-03
    -30.220001       0.64299366E-03
    -29.937500       0.65033926E-03
    -29.655001       0.65781953E-03
    -29.372499       0.66541864E-03
    -29.090000       0.67315955E-03
    -28.807499       0.68103269E-03
    -28.525000       0.68905000E-03
    -28.242500       0.69720326E-03
    -27.959999       0.70550147E-03
    -27.677500       0.71395172E-03
    -27.395000       0.72256050E-03
    -27.112499       0.73131375E-03
    -26.830000       0.74023294E-03
    -26.547501       0.74932063E-03
    -26.264999       0.75856921E-03
    -25.982500       0.76799364E-03
    -25.700001       0.77759389E-03
    -25.417500       0.78738125E-03
    -25.135000       0.79734725E-03
    -24.852501       0.80750663E-03
    -24.570000       0.81785914E-03
    -24.287500       0.82841388E-03
    -24.005001       0.83917078E-03
    -23.722500       0.85014393E-03
    -23.440001       0.86133210E-03
    -23.157501       0.87273809E-03
    -22.875000       0.88438686E-03
    -22.592499       0.89625508E-03
    -22.310001       0.90836617E-03
    -22.027500       0.92072668E-03
    -21.744999       0.93334590E-03
    -21.462500       0.94622233E-03
    -21.180000       0.95936244E-03
    -20.897501       0.97278326E-03
    -20.615000       0.98647931E-03
    -20.332500       0.10004872E-02
    -20.049999       0.10147778E-02
    -19.767500       0.10293840E-02
    -19.485001       0.10443055E-02
    -19.202499       0.10595492E-02
    -18.920000       0.10751398E-02
    -18.637501       0.10910789E-02
    -18.355000       0.11073565E-02
    -18.072500       0.11240213E-02
    -17.790001       0.11410479E-02
    -17.507500       0.11584800E-02
    -17.225000       0.11763075E-02
    -16.942499       0.11945472E-02
    -16.660000       0.12132174E-02
    -16.377501       0.12323204E-02
    -16.094999       0.12518984E-02
    -15.812500       0.12719301E-02
    -15.530001       0.12924494E-02
    -15.247499       0.13134745E-02
    -14.965000       0.13350065E-02
    -14.682501       0.13570854E-02
    -14.400000       0.13797050E-02
    -14.117500       0.14029108E-02
    -13.835001       0.14266920E-02
    -13.552500       0.14510897E-02
    -13.270000       0.14761207E-02
    -12.987499       0.15018000E-02
    -12.705000       0.15281595E-02
    -12.422501       0.15552147E-02
    -12.139999       0.15829947E-02
    -11.857500       0.16115316E-02
    -11.575001       0.16408522E-02
    -11.292500       0.16709636E-02
    -11.010000       0.17019254E-02
    -10.727501       0.17337602E-02
    -10.445000       0.17664790E-02
    -10.162500       0.18001465E-02
    -9.8800011       0.18347695E-02
    -9.5974998       0.18704396E-02
    -9.3150005       0.19071153E-02
    -9.0324993       0.19449026E-02
    -8.7500000       0.19838280E-02
    -8.4675007       0.20239225E-02
    -8.1849995       0.20652628E-02
    -7.9025002       0.21078479E-02
    -7.6200008       0.21518136E-02
    -7.3374996       0.21971418E-02
    -7.0550003       0.22439143E-02
    -6.7725010       0.22921996E-02
    -6.4899998       0.23420630E-02
    -6.2075005       0.23935982E-02
    -5.9249992       0.24467939E-02
    -5.6424999       0.25018254E-02
    -5.3600006       0.25587487E-02
    -5.0774994       0.26176409E-02
    -4.7950020       0.26785392E-02
    -4.5125008       0.27416230E-02
    -4.2299995       0.28069451E-02
    -3.9474983       0.28746703E-02
    -3.6650009       0.29448401E-02
    -3.3824997       0.30175962E-02
    -3.0999985       0.30931389E-02
    -2.8175011       0.31715108E-02
    -2.5349998       0.32529225E-02
    -2.2524986       0.33375397E-02
    -1.9700012       0.34254409E-02
    -1.6875000       0.35168872E-02
    -1.4049988       0.36120672E-02
    -1.1225014       0.37111450E-02
   -0.84000015       0.38143665E-02
   -0.55749893       0.39219549E-02
   -0.27500153       0.40341389E-02
    0.74996948E-02   0.41512776E-02
    0.29000092       0.42735280E-02
    0.57249832       0.44013041E-02
    0.85499954       0.45349080E-02
     1.1375008       0.46746373E-02
     1.4199982       0.48209718E-02
     1.7024994       0.49743166E-02
     1.9850006       0.51350439E-02
     2.2674980       0.53037652E-02
     2.5499992       0.54808995E-02
     2.8325005       0.56670792E-02
     3.1150017       0.58628984E-02
     3.3974991       0.60690639E-02
     3.6800003       0.62863370E-02
     3.9625015       0.65154715E-02
     4.2449989       0.67573956E-02
     4.5275002       0.70130349E-02
     4.8100014       0.72835011E-02
     5.0924988       0.75699225E-02
     5.3750000       0.78736283E-02
     5.6575012       0.81960352E-02
     5.9399986       0.85386122E-02
     6.2224998       0.89031828E-02
     6.5050011       0.92916550E-02
     6.7874985       0.97060967E-02
     7.0699997       0.10148964E-01
     7.3525009       0.10623013E-01
     7.6349983       0.11130915E-01
     7.9174995       0.11676340E-01
     8.2000008       0.12262901E-01
     8.4824982       0.12894968E-01
     8.7649994       0.13577085E-01
     9.0475006       0.14315055E-01
     9.3299980       0.15114976E-01
     9.6124992       0.15983830E-01
     9.8950005       0.16930047E-01
     10.177502       0.17962959E-01
     10.459999       0.19093697E-01
     10.742500       0.20334808E-01
     11.025002       0.21700932E-01
     11.307499       0.23209999E-01
     11.590000       0.24882243E-01
     11.872501       0.26742217E-01
     12.154999       0.28818828E-01
     12.437500       0.31147369E-01
     12.720001       0.33769367E-01
     13.002499       0.36736675E-01
     13.285000       0.40111692E-01
     13.567501       0.43971551E-01
     13.849998       0.48412240E-01
     14.132500       0.53553932E-01
     14.415001       0.59545286E-01
     14.697498       0.66575858E-01
     14.980000       0.74882492E-01
     15.262501       0.84761353E-01
     15.544998       0.96571147E-01
     15.827499       0.11072905    
     16.110001       0.12766090    
     16.392498       0.14768047    
     16.674999       0.17074287    
     16.957500       0.19610796    
     17.239998       0.22218191    
     17.522499       0.24687351    
     17.805000       0.26838015    
     18.087502       0.28568867    
     18.369999       0.29857068    
     18.652500       0.30722973    
     18.935001       0.31203474    
     19.217499       0.31336234    
     19.500000       0.31153088    
     19.782501       0.30679049    
     20.064999       0.29932412    
     20.347500       0.28928150    
     20.630001       0.27679899    
     20.912498       0.26203385    
     21.195000       0.24522557    
     21.477501       0.22673942    
     21.759998       0.20710326    
     22.042500       0.18700116    
     22.325001       0.16719981    
     22.607498       0.14840905    
     22.889999       0.13115773    
     23.172501       0.11573611    
     23.454998       0.10220780    
     23.737499       0.90482530E-01
     24.020000       0.80385267E-01
     24.302498       0.71709312E-01
     24.584999       0.64251272E-01
     24.867500       0.57823842E-01
     25.150002       0.52266110E-01
     25.432499       0.47440069E-01
     25.715000       0.43230303E-01
     25.997501       0.39542019E-01
     26.279999       0.36295858E-01
     26.562500       0.33426299E-01
     26.845001       0.30878725E-01
     27.127502       0.28607748E-01
     27.409996       0.26575779E-01
     27.692497       0.24750580E-01
     27.974998       0.23105692E-01
     28.257500       0.21618436E-01
     28.540001       0.20269398E-01
     28.822502       0.19042119E-01
     29.105003       0.17922435E-01
     29.387497       0.16898508E-01
     29.669998       0.15959412E-01
     29.952499       0.15096240E-01
     30.235001       0.14301198E-01
     30.517502       0.13566992E-01
     30.800003       0.12887947E-01
     31.082497       0.12258394E-01
     31.364998       0.11674019E-01
     31.647499       0.11130246E-01
     31.930000       0.10623606E-01
     32.212502       0.10150669E-01
     32.495003       0.97086490E-02
     32.777496       0.92948495E-02
     33.059998       0.89069914E-02
     33.342499       0.85428398E-02
     33.625000       0.82005954E-02
     33.907501       0.78784520E-02
     34.190002       0.75749707E-02
     34.472496       0.72886247E-02
     34.754997       0.70182224E-02
     35.037498       0.67626133E-02
     35.320000       0.65207027E-02
     35.602501       0.62915153E-02
     35.885002       0.60742356E-02
     36.167503       0.58680144E-02
     36.449997       0.56721585E-02
     36.732498       0.54858920E-02
     37.014999       0.53086341E-02
     37.297501       0.51398909E-02
     37.580002       0.49790118E-02
     37.862503       0.48255773E-02
     38.144997       0.46791467E-02
     38.427498       0.45392856E-02
     38.709999       0.44055973E-02
     38.992500       0.42777055E-02
     39.275002       0.41553346E-02
     39.557503       0.40381204E-02
     39.839996       0.39258482E-02
     40.122498       0.38181149E-02
     40.404999       0.37148094E-02
     40.687500       0.36156218E-02
     40.970001       0.35203227E-02
     41.252502       0.34287784E-02
     41.534996       0.33407765E-02
     41.817497       0.32561051E-02
     42.099998       0.31746610E-02
     42.382500       0.30961889E-02
     42.665001       0.30205889E-02
     42.947502       0.29476883E-02
     43.230003       0.28774133E-02
     43.512497       0.28096506E-02
     43.794998       0.27442453E-02
     44.077499       0.26810883E-02
     44.360001       0.26200905E-02
     44.642502       0.25611403E-02
     44.925003       0.25041882E-02
     45.207497       0.24490913E-02
     45.489998       0.23957908E-02
     45.772499       0.23442163E-02
     46.055000       0.22943019E-02
     46.337502       0.22459580E-02
     46.620003       0.21991117E-02
     46.902496       0.21537288E-02
     47.184998       0.21097398E-02
     47.467499       0.20670603E-02
     47.750000       0.20257082E-02
     48.032501       0.19855598E-02
     48.315002       0.19465914E-02
     48.597496       0.19087573E-02
     48.879997       0.18720371E-02
     49.162498       0.18363361E-02
     49.445000       0.18016620E-02
     49.727501       0.17679682E-02
     50.010002       0.17351972E-02
     50.292503       0.17033341E-02
     50.574997       0.16723431E-02
     50.857498       0.16421923E-02
     51.139999       0.16128357E-02
     51.422501       0.15842610E-02
     51.705002       0.15564457E-02
     51.987503       0.15293678E-02
     52.269997       0.15029859E-02
     52.552498       0.14772753E-02
     52.834999       0.14522176E-02
     53.117500       0.14277906E-02
     53.400002       0.14039899E-02
     53.682503       0.13807511E-02
     53.964996       0.13581031E-02
     54.247498       0.13360216E-02
     54.529999       0.13144487E-02
     54.812500       0.12934009E-02
     55.095001       0.12728573E-02
     55.377502       0.12528085E-02
     55.659996       0.12332178E-02
     55.942497       0.12140845E-02
     56.224998       0.11953961E-02
     56.507500       0.11771356E-02
     56.790001       0.11592828E-02
     57.072502       0.11418443E-02
     57.355003       0.11247887E-02
     57.637497       0.11081228E-02
     57.919998       0.10918123E-02
     58.202499       0.10758770E-02
     58.485001       0.10602577E-02
     58.767502       0.10450021E-02
     59.050003       0.10300570E-02
     59.332497       0.10154411E-02
     59.614998       0.10011352E-02
     59.897499       0.98712355E-03
     60.180000       0.97340524E-03
     60.462502       0.95997776E-03
     60.745003       0.94681707E-03
     61.027496       0.93393020E-03
     61.309998       0.92130826E-03
     61.592499       0.90892995E-03
     61.875000       0.89680832E-03
     62.157501       0.88492039E-03
     62.440002       0.87327066E-03
     62.722496       0.86185501E-03
     63.004997       0.85065718E-03
     63.287498       0.83966676E-03
     63.570000       0.82890677E-03
     63.852501       0.81834047E-03
     64.135002       0.80796756E-03
     64.417503       0.79780719E-03
     64.699997       0.78783159E-03
     64.982498       0.77803570E-03
     65.264999       0.76842690E-03
     65.547501       0.75899920E-03
     65.830002       0.74973274E-03
     66.112503       0.74064539E-03
     66.394997       0.73171710E-03
     66.677498       0.72295186E-03
     66.959999       0.71433606E-03
     67.242500       0.70588352E-03
     67.525002       0.69757455E-03
     67.807503       0.68941486E-03
     68.089996       0.68139309E-03
     68.372498       0.67350974E-03
     68.654999       0.66576343E-03
     68.937500       0.65815690E-03
     69.220001       0.65067423E-03
     69.502502       0.64331612E-03
     69.784996       0.63608718E-03
     70.067497       0.62897512E-03
     70.349998       0.62199194E-03
     70.632500       0.61511187E-03
     70.915001       0.60835004E-03
     71.197502       0.60170030E-03
     71.479996       0.59515463E-03
     71.762497       0.58872166E-03
     72.044998       0.58238517E-03
     72.327499       0.57615735E-03
     72.610001       0.57002368E-03
     72.892502       0.56399374E-03
     73.175003       0.55805279E-03
     73.457497       0.55219950E-03
     73.739998       0.54645026E-03
     74.022499       0.54078775E-03
     74.305000       0.53520673E-03
     74.587502       0.52971676E-03
     74.870003       0.52431121E-03
     75.152496       0.51898627E-03
     75.434998       0.51374043E-03
     75.717499       0.50857526E-03
     76.000000       0.50348753E-03
